25 16 1 1 2 2 2 4 1 9 0 4 1 

0 0.5 1 1.5 2 2 1.5 1 0.5 0 0 0.5 1 1.5 2 2 1.5 1 0.5 0 0 0.5 1 1.5 2
0 0.125 0.25 0.375 0.5 0.625 0.53125 0.4375 0.34375 0.25 0.5 0.5625 0.625 0.6875 0.75 0.875 0.84375 0.8125 0.78125 0.75 1 1 1 1 1

1 2 3 4 5 6 7 8 9 10 11 12 13 14 15 16
1 2 3 4 7 8 9 10 11 12 13 14 17 18 19 20
2 3 4 5 6 7 8 9 12 13 14 15 16 17 18 19
9 8 7 6 15 14 13 12 19 18 17 16 25 24 23 22
10 9 8 7 14 13 12 11 20 19 18 17 24 23 22 21
6 6 6 6 6 6 6 6 6 6 6 6 6 6 6 6


5

1 2 3 4 5 10 11 20 21
1 1 1 1 1 1 1 1 1
0 0 0 0 0 0 0 0 0 

13 14 15 16
25 24 23 22
24 23 22 21
-20 -20 -20 -20




